   2.7300000e+02   2.7300000e+02   2.7300000e+02   2.7300000e+02   2.7300000e+02   2.7300000e+02   2.7300000e+02   2.7300000e+02   2.7300000e+02   2.7300000e+02   2.7300000e+02
   2.7300000e+02   2.7931264e+02   2.7575277e+02   2.7421369e+02   2.7350552e+02   2.7319190e+02   2.7306554e+02   2.7302010e+02   2.7300555e+02   2.7300133e+02   2.7300000e+02
   2.7300000e+02   2.7932916e+02   2.7663531e+02   2.7483230e+02   2.7381590e+02   2.7332091e+02   2.7311184e+02   2.7303473e+02   2.7300966e+02   2.7300232e+02   2.7300000e+02
   2.7300000e+02   2.7932983e+02   2.7692037e+02   2.7508762e+02   2.7396285e+02   2.7338722e+02   2.7313691e+02   2.7304294e+02   2.7301202e+02   2.7300291e+02   2.7300000e+02
   2.7300000e+02   2.7933003e+02   2.7700823e+02   2.7517787e+02   2.7401974e+02   2.7341451e+02   2.7314767e+02   2.7304656e+02   2.7301309e+02   2.7300317e+02   2.7300000e+02
   2.7300000e+02   2.7933007e+02   2.7702753e+02   2.7519907e+02   2.7403378e+02   2.7342149e+02   2.7315049e+02   2.7304753e+02   2.7301338e+02   2.7300325e+02   2.7300000e+02
   2.7300000e+02   2.7933003e+02   2.7700823e+02   2.7517787e+02   2.7401974e+02   2.7341451e+02   2.7314767e+02   2.7304656e+02   2.7301309e+02   2.7300317e+02   2.7300000e+02
   2.7300000e+02   2.7932983e+02   2.7692037e+02   2.7508762e+02   2.7396285e+02   2.7338722e+02   2.7313691e+02   2.7304294e+02   2.7301202e+02   2.7300291e+02   2.7300000e+02
   2.7300000e+02   2.7932914e+02   2.7663531e+02   2.7483230e+02   2.7381590e+02   2.7332091e+02   2.7311184e+02   2.7303473e+02   2.7300966e+02   2.7300232e+02   2.7300000e+02
   2.7300000e+02   2.7931266e+02   2.7575278e+02   2.7421369e+02   2.7350552e+02   2.7319190e+02   2.7306554e+02   2.7302010e+02   2.7300555e+02   2.7300133e+02   2.7300000e+02
   2.7300000e+02   2.7300000e+02   2.7300000e+02   2.7300000e+02   2.7300000e+02   2.7300000e+02   2.7300000e+02   2.7300000e+02   2.7300000e+02   2.7300000e+02   2.7300000e+02
